# Insights Report

## 1. Category Centroids

Mean 8D ideological vector per policy category.

| Category | n | aequitas libertas mean | imperium anarkhia mean | universalism particularism mean | market collective allocation mean | inequality acceptance correction mean | individual socialized risk mean | progressivism preservation mean | technocracy populism mean |
|---|---|---|---|---|---|---|---|---|---|
| Labour & Job Market | 12 | -23.7 | -14.8 | +0.7 | +28.7 | +37.9 | +26.0 | -38.3 | +6.7 |
| Institutions & Government | 11 | -5.3 | -6.4 | -5.2 | +19.3 | +16.8 | +12.0 | -27.2 | +14.9 |
| Economy & Taxation | 10 | -0.8 | -11.4 | -0.1 | +3.2 | +14.8 | +6.0 | -26.8 | +2.5 |
| Infrastructure & Housing | 10 | -10.0 | -1.5 | -2.3 | +9.2 | +15.4 | +9.6 | -13.9 | +0.2 |
| Culture & Civic Education | 9 | -10.4 | -3.9 | -4.3 | +10.0 | +10.8 | +6.7 | -9.7 | -0.5 |
| Public Services | 9 | -24.7 | -24.9 | -14.9 | +34.0 | +36.1 | +34.4 | -34.7 | -5.6 |
| Science, Energy & Environment | 9 | -19.8 | -7.2 | -2.4 | +16.6 | +21.7 | +18.1 | -19.8 | -8.1 |
| Identity & Social Cohesion | 8 | -14.4 | -24.5 | +35.7 | +32.5 | +10.2 | +16.7 | +17.0 | +28.9 |
| International Relations | 8 | -10.8 | +9.4 | -5.7 | +5.5 | +8.4 | +7.1 | -8.2 | +5.7 |
| Rights & Freedoms | 7 | -4.9 | -16.7 | -16.5 | +18.8 | +19.9 | +14.6 | -22.7 | +7.7 |
| Security & Defence | 7 | -5.0 | -45.4 | +10.0 | +21.7 | -5.9 | +12.5 | +15.1 | +11.5 |

## 2. Axis Correlation Matrix

Pearson correlations between the 8 axis mean scores.

| | aequitas libertas | imperium anarkhia | universalism particularism | market collective allocation | inequality acceptance correction | individual socialized risk | progressivism preservation | technocracy populism |
|---|---|---|---|---|---|---|---|---|
| aequitas libertas | +1.00 | +0.46 | +0.38 | -0.96 | -0.95 | -0.96 | +0.69 | +0.23 |
| imperium anarkhia | +0.46 | +1.00 | -0.11 | -0.57 | -0.38 | -0.51 | +0.06 | +0.37 |
| universalism particularism | +0.38 | -0.11 | +1.00 | -0.28 | -0.48 | -0.35 | +0.76 | +0.33 |
| market collective allocation | -0.96 | -0.57 | -0.28 | +1.00 | +0.92 | +0.97 | -0.62 | -0.14 |
| inequality acceptance correction | -0.95 | -0.38 | -0.48 | +0.92 | +1.00 | +0.95 | -0.81 | -0.24 |
| individual socialized risk | -0.96 | -0.51 | -0.35 | +0.97 | +0.95 | +1.00 | -0.67 | -0.20 |
| progressivism preservation | +0.69 | +0.06 | +0.76 | -0.62 | -0.81 | -0.67 | +1.00 | +0.21 |
| technocracy populism | +0.23 | +0.37 | +0.33 | -0.14 | -0.24 | -0.20 | +0.21 | +1.00 |

## 3. Axis VIF (Collinearity)

VIF > 5 indicates moderate collinearity; > 10 is severe.

| Axis | VIF |
|------|-----|
| market collective allocation | 37.97 |
| inequality acceptance correction | 29.40 |
| aequitas libertas | 28.98 |
| individual socialized risk | 26.28 |
| progressivism preservation | 7.80 |
| imperium anarkhia | 3.36 |
| universalism particularism | 3.20 |
| technocracy populism | 2.15 |

## 4. K-Means Clustering

Best k = **4** (selected by silhouette score)

| k | Silhouette |
|---|------------|
| 3 | 0.3641 |
| 4 | 0.3922 ← best |
| 5 | 0.3816 |
| 6 | 0.3348 |
| 7 | 0.3180 |
| 8 | 0.3237 |

### Cluster Centers

| Cluster | aequitas libertas mean | imperium anarkhia mean | universalism particularism mean | market collective allocation mean | inequality acceptance correction mean | individual socialized risk mean | progressivism preservation mean | technocracy populism mean |
|---|---|---|---|---|---|---|---|---|
| 0 | -17.7 | -9.5 | -9.8 | +23.1 | +21.2 | +16.9 | -25.7 | +5.4 |
| 1 | -53.0 | -24.7 | -8.0 | +54.7 | +60.0 | +51.5 | -47.0 | +0.3 |
| 2 | +4.2 | -40.3 | +32.3 | +12.9 | -9.3 | +5.5 | +35.1 | +10.4 |
| 3 | +34.9 | +10.3 | +5.7 | -28.8 | -20.5 | -24.0 | +3.3 | +9.3 |

_Report generated by `cli.py insights`_
